MCDONALD'S
STARBUCKS
SUBWAY
TACO BELL
CHICK-FIL-A
WENDY'S
BURGER KING
DUNKIN'
DOMINO'S
PANERA BREAD
PIZZA HUT
CHIPOTLE
SONIC DRIVE-IN
KFC
ARBY'S
LITTLE CAESARS
DAIRY QUEEN
JACK IN THE BOX
PANDA EXPRESS
POPEYES
PAPA JOHN'S
WHATABURGER
JIMMY JOHN'S
HARDEE'S
ZAXBY'S
FIVE GUYS
CULVER'S
CARL'S JR.
BOJANGLES'
WINGSTOP
RAISING CANE'S
JERSEY MIKE'S
STEAK 'N' SHAKE
IN-N-OUT BURGER
EL POLLO LOCO
QDOBA
CHECKERS/RALLY'S
DEL TACO
FIREHOUSE SUBS
PAPA MURPHY'S
TIM HORTONS
CHURCH'S CHICKEN
MOE'S
MCALISTER'S DELI
JASON'S DELI
MARCO'S PIZZA
BASKIN-ROBBINS
AUNTIE ANNE'S
BOSTON MARKET